test_mae: 35.76456023211886
test_r2: 0.6791719050222493
test_rmse: 58.756129765955095
train_mae: 34.3362749623771
train_r2: 0.7102371850864277
train_rmse: 59.83380550651608
