test_mae: 35.508121211344054
test_r2: 0.6804478405855807
test_rmse: 58.63917660102134
train_mae: 31.826635454028015
train_r2: 0.7535656840366283
train_rmse: 55.17926242478194
