colsample_bytree: 0.4
enable_categorical: false
gamma: 4.4
learning_rate: 0.002035219970423144
max_depth: 2
min_child_weight: 5
n_estimators: 2200
reg_alpha: 0.583545398645906
reg_lambda: 4.745753006912133
seed: 0
subsample: 1.0
tree_method: approx
verbosity: 0
