test_mae: 39.873290289413625
test_r2: 0.5846311621754934
test_rmse: 66.85500732896101
train_mae: 34.359365917915696
train_r2: 0.6602759627505572
train_rmse: 64.78708466613287
