test_accuracy:
  MAE: 21.52241075289247
  MAPE: 0.8573252876741493
  R2: 0.7716490952811316
  RMSE: 47.52232107951194
train_accuracy:
  MAE: 15.520511923870375
  MAPE: 0.7454089792893867
  R2: 0.9288729049901034
  RMSE: 25.05645466073217
