test_accuracy:
  MAE: 21.830632562017353
  MAPE: 0.8691632411559513
  R2: 0.7733598338400237
  RMSE: 47.3439747183017
train_accuracy:
  MAE: 17.67272430769233
  MAPE: 0.7793416894436515
  R2: 0.8992462384653306
  RMSE: 29.82172215927427
