test_accuracy:
  MAE: 21.811776433332
  MAPE: 0.9503124965843642
  R2: 0.7709907205316513
  RMSE: 47.59077926434789
train_accuracy:
  MAE: 18.356929175770915
  MAPE: 0.8584337525816768
  R2: 0.8891026696598596
  RMSE: 31.286906972811543
