bagging_temperature: 0.29684655232675705
colsample_bylevel: 0.9572077275768511
iterations: 1500
l2_leaf_reg: 3.3384523844291487
leaf_estimation_iterations: 4
learning_rate: 0.014300578882018676
max_depth: 4
min_data_in_leaf: 11
random_state: 6
subsample: 0.4005081980679438
verbose: 0
