bagging_temperature: 0.6282925719381997
colsample_bylevel: 0.3221544335446955
iterations: 2200
l2_leaf_reg: 1.940498872305188
leaf_estimation_iterations: 8
learning_rate: 0.002890860846876035
max_depth: 7
min_data_in_leaf: 5
random_state: 6
subsample: 0.4159085795449032
verbose: 0
