bagging_temperature: 0.8514206064095658
colsample_bylevel: 0.383694213739404
iterations: 2800
l2_leaf_reg: 1.376265017724058
leaf_estimation_iterations: 4
learning_rate: 0.004444921283079537
max_depth: 7
min_data_in_leaf: 88
random_state: 6
subsample: 0.7987365710532334
