test_mae: 34.2427527414459
test_r2: 0.7059133894736047
test_rmse: 56.25415571903033
train_mae: 23.29752460698028
train_r2: 0.8413890004741301
train_rmse: 44.268208869170316
