test_mae: 34.168667093133536
test_r2: 0.7031230668550998
test_rmse: 56.520398151154545
train_mae: 23.020154877779056
train_r2: 0.844876443332445
train_rmse: 43.778832570488625
