test_accuracy:
  MAE: 21.745809850080732
  MAPE: 0.851246175705731
  R2: 0.7709817382678007
  RMSE: 47.591712564399465
train_accuracy:
  MAE: 14.49952464759427
  MAPE: 0.6151070547237689
  R2: 0.8970283273996428
  RMSE: 30.14817091945223
