test_mae: 35.53583146010787
test_r2: 0.69000321361372
test_rmse: 62.54746400908362
train_mae: 25.24806118788949
train_r2: 0.8780618919276397
train_rmse: 41.19213411017658
