test_mae: 36.57881683945349
test_r2: 0.7048303431937117
test_rmse: 61.03331585444195
train_mae: 32.38748259011369
train_r2: 0.8140357986928117
train_rmse: 50.8697075809641
