test_mae: 35.03426243930615
test_r2: 0.7039460210633042
test_rmse: 61.12467474842612
train_mae: 29.464469941198566
train_r2: 0.8512037302861026
train_rmse: 45.503058450417555
