test_mae: 36.01047813236957
test_r2: 0.6844008652414812
test_rmse: 63.11012087507577
train_mae: 27.029134253393586
train_r2: 0.8631852742297689
train_rmse: 43.63258954924559
