bagging_temperature: 0.44124262237739165
colsample_bylevel: 0.1923634202795218
iterations: 200
l2_leaf_reg: 4.987342813841886
leaf_estimation_iterations: 10
learning_rate: 0.015415813634502262
max_depth: 8
min_data_in_leaf: 19
random_state: 0
subsample: 0.5902250048320381
verbose: 0
