colsample_bytree: 0.7017080225661435
learning_rate: 0.006520951494925541
max_depth: 5
n_estimators: 2700
n_jobs: -1
num_leaves: 129
random_state: 0
reg_alpha: 1.167177879682554e-07
reg_lambda: 0.000193714681377829
subsample: 0.8448773379064639
subsample_freq: 5
verbosity: -1
