colsample_bytree: 0.4
gamma: 2.7
learning_rate: 0.015445203192776329
max_depth: 4
min_child_weight: 4
n_estimators: 1000
random_state: 0
reg_alpha: 4.260762220042271
reg_lambda: 1.6063389186756483
subsample: 0.30000000000000004
tree_method: approx
verbosity: 0
