test_mae: 34.39944498538413
test_r2: 0.7151125374460906
test_rmse: 55.36733927005165
train_mae: 32.24370068730426
train_r2: 0.7197224745900499
train_rmse: 58.84633728227041
