test_mae: 34.36873393192286
test_r2: 0.7158943507714646
test_rmse: 55.29131510596115
train_mae: 32.225451751714694
train_r2: 0.720633224418677
train_rmse: 58.75065015843177
